nfile       =          1
ncpu        =          7
ndim        =          2
levelmin    =          9
levelmax    =          9
ngridmax    =    1142857
nstep_coarse=       7845

boxlen      =  0.100000000000000E+01
time        =  0.386001711123247E+01
texp        =  0.386001711123247E+01
aexp        =  0.100000000000000E+01
H0          =  0.100000000000000E+01
omega_m     =  0.100000000000000E+01
omega_l     =  0.000000000000000E+00
omega_k     =  0.000000000000000E+00
omega_b     =  0.000000000000000E+00
gamma       =  0.140000000000000E+01
unit_l      =  0.100000000000000E+01
unit_d      =  0.100000000000000E+01
unit_t      =  0.100000000000000E+01

